1.01508049307747
1.0127819444025763
1.006486408089184
0.9962187297429647
0.9820194311994949
0.9639445506030833
0.9420654212498164
0.9164683900676284
0.8872544768444238
0.8545389755491277
0.8184509993190614
0.7791329709093772
0.7367400606155092
0.691439573886909
0.6434102910488709
0.5928417617382643
0.5399335568377144
0.48489448086050435
0.42794174789455447
0.36930012435765236
0.3092010419470886
0.24788168428447857
0.18558405086036756
0.12255400197279859
0.05904028842904045
-0.004706430160205022
-0.06843457461977158
-0.13189263907809687
-0.19483018354599627
-0.2569988222888838
-0.3181532040917902
-0.3780519805485198
-0.4364587585535452
-0.4931430332375995
-0.5478810976650864
-0.6004569257031532
-0.6506630245781454
-0.6983012537547877
-0.7431836069063568
-0.78513295388976
-0.8239837397972873
-0.8595826383261979
-0.8917891568875876
-0.9204761910664535
-0.9455305262447506
-0.9668532844077676
-0.9843603143704761
-0.9979825238838148
-1.0076661523102302
-1.0133729827923519
-1.01508049307747
-1.0127819444025765
-1.006486408089184
-0.9962187297429647
-0.9820194311994949
-0.9639445506030832
-0.9420654212498164
-0.9164683900676284
-0.8872544768444238
-0.8545389755491277
-0.8184509993190616
-0.7791329709093772
-0.7367400606155092
-0.691439573886909
-0.6434102910488707
-0.5928417617382643
-0.5399335568377142
-0.4848944808605045
-0.42794174789455397
-0.369300124357652
-0.3092010419470887
-0.24788168428447846
-0.18558405086036767
-0.12255400197279893
-0.059040288429040355
0.004706430160204673
0.06843457461977077
0.13189263907809673
0.1948301835459957
0.2569988222888837
0.3181532040917901
0.3780519805485192
0.4364587585535443
0.493143033237599
0.5478810976650863
0.6004569257031531
0.650663024578145
0.6983012537547869
0.7431836069063558
0.7851329538897599
0.8239837397972872
0.8595826383261975
0.8917891568875872
0.9204761910664528
0.9455305262447508
0.9668532844077674
0.984360314370476
0.9979825238838146
1.00766615231023
1.0133729827923519
